strategic_region={
	id=15
	name="STRATEGICREGION_15"
	provinces={
		370 371 372 373 374 375 376 377 378 379 380 381 382 383 384 385 386 387 388 389 390 391 392 393 394 395 396 397 398 399 400 401 402 403 404 405 406 407 408 409 410 411 412 413 414 415 416 417 418 419 420 421 422 423 424 425 426 427 428 429 430 431 432 433 434 435 436 437 438 439 440 441 442 443 444 445 446 447 448 449 450 451 452 453 454 455 456 457 458 459 460 461 462 463 464 465 466 467 468 469 470 471 2604 2605 2606 2607 2608 2609 2610 2611 2612 2613 2614 2615 2616 2617 2618 2619 2620 2621 2622 2623 2624 2625 2626 2627 2628 2629 2630 2631 2632 2633 2634 2635 2636 2637 2638 2639 2640 2641 2642 2643 2644 2645 2646 2647 2648 2649 2650 2651 2652 2653 2654 2655 2656 2657 2658 2659 2660 2661 2662 2663 2664 2665 2666 2667 2668 2669 2670 2671 2672 4856 4857 4858 4859 4860 4861 4862 4863 4864 4865 4866 4867 4868 4869 4870 4871 4872 4873 4874 4875 4876 4877 4878 4879 4880 4881 2345 2346 2347 2348 2349 2350 2351 2352 2353 2354 2355 2356 2357 2358 2359 2360 2361 2362 2363 2364 2365 2366 2367 2368 2369 2370 2371 2372 2373 2374 2375 2376 2377 2378 2379 2380 2381 2382 2383 2384 2385 2386 2387 2388 2389 2390 2391 5619 5620 5621 5622 5623 5624 5625 5626 5627 5628 5629 5630 5631 5632 5633 5634 5635 5636 5637 5638 5639 5640 5641 5642 5643 5644 5645 5646 5647 5648 5649 5650 5651 5652 5653 5654 5655 5656 5657 5658 5659 5660 5661 5662 5663 5664 5665 5666 5667 5668 5669 5670 5671 5672 5673 5674 5675 5676 5677 5678 5679 5680 5681 5682 5683 5684 5685 5686 5687 5688 5689 5690 5691 5692 5693 5694 5695 5696 5697 5698 5699 5700 5701 5702 5703 5704 5705 5706 5707 5708 2767 2768 2769 2770 2771 2772 2773 2774 2775 2776 2777 2778 2779 2780 2781 2782 2783 2784 2785 2786 2787 2788 2789 2790 2791 2792 2793 2794 2795 2796 2797 2798 2799 2800 2801 2802 2803 2804 2805 2806 2807 2808 2809 2810 2811 1966 1967 1968 1969 1970 1971 1972 1973 1974 1975 1976 1977 1978 1979 1980 1981 1982 1983 1984 1985 1986 1987 1988 1989 1990 1991 1992 1993 1994 1995 1996 1997 1998 1999 2000 2001 4013 4014 4015 4016 4017 4018 4019 4020 4021 4022 4023 4024 4025 4026 4027 4028 4029 4030 4031 4032 4033 4034 4035 4036 4037 4038 4039 4040 4041 4042 4043 4044 4045 4046 4047 4048 4049 4050 4051 4052 4053 4054 4055 4056 4057 4058 4059 4060 4061 4062 4063 4064 4065 4066 4067 4068 4069 4070 4071 4072 4073 4074 4075 4076 
	}
	
	weather={
		period={
			between={ 0.0 30.0 }
			temperature={ 17.00 22.00 }
			no_phenomenon=0.719297
			rain_light=0.105934
			rain_heavy=0.174768
			snow=0.000000
			blizzard=0.000000
			arctic_water=0.000
			mud=0.045547
			sandstorm=0.000000
			min_snow_level=0.000
		}
		period={
			between={ 0.1 27.1 }
			temperature={ 16.00 20.00 }
			no_phenomenon=0.719297
			rain_light=0.114147
			rain_heavy=0.166556
			snow=0.000000
			blizzard=0.000000
			arctic_water=0.000
			mud=0.044726
			sandstorm=0.000000
			min_snow_level=0.000
		}
		period={
			between={ 0.2 30.2 }
			temperature={ 14.00 19.00 }
			no_phenomenon=0.719297
			rain_light=0.122360
			rain_heavy=0.158343
			snow=0.000000
			blizzard=0.000000
			arctic_water=0.000
			mud=0.043905
			sandstorm=0.000000
			min_snow_level=0.000
		}
		period={
			between={ 0.3 29.3 }
			temperature={ 12.00 17.00 }
			no_phenomenon=0.719297
			rain_light=0.130572
			rain_heavy=0.150130
			snow=0.000000
			blizzard=0.000000
			arctic_water=0.000
			mud=0.043083
			sandstorm=0.000000
			min_snow_level=0.000
		}
		period={
			between={ 0.4 30.4 }
			temperature={ 10.00 15.00 }
			no_phenomenon=0.719297
			rain_light=0.138785
			rain_heavy=0.141918
			snow=0.000000
			blizzard=0.000000
			arctic_water=0.000
			mud=0.042262
			sandstorm=0.000000
			min_snow_level=0.000
		}
		period={
			between={ 0.5 29.5 }
			temperature={ 9.000 13.00 }
			no_phenomenon=0.719297
			rain_light=0.146998
			rain_heavy=0.133705
			snow=0.000000
			blizzard=0.000000
			arctic_water=0.000
			mud=0.041441
			sandstorm=0.000000
			min_snow_level=0.000
		}
		period={
			between={ 0.6 30.6 }
			temperature={ 7.000 12.00 }
			no_phenomenon=0.719297
			rain_light=0.155210
			rain_heavy=0.125492
			snow=0.000000
			blizzard=0.000000
			arctic_water=0.000
			mud=0.040619
			sandstorm=0.000000
			min_snow_level=0.000
		}
		period={
			between={ 0.7 30.7 }
			temperature={ 9.000 13.00 }
			no_phenomenon=0.719297
			rain_light=0.146998
			rain_heavy=0.133705
			snow=0.000000
			blizzard=0.000000
			arctic_water=0.000
			mud=0.041441
			sandstorm=0.000000
			min_snow_level=0.000
		}
		period={
			between={ 0.8 29.8 }
			temperature={ 10.00 15.00 }
			no_phenomenon=0.719297
			rain_light=0.138785
			rain_heavy=0.141918
			snow=0.000000
			blizzard=0.000000
			arctic_water=0.000
			mud=0.042262
			sandstorm=0.000000
			min_snow_level=0.000
		}
		period={
			between={ 0.9 30.9 }
			temperature={ 12.00 17.00 }
			no_phenomenon=0.719297
			rain_light=0.130572
			rain_heavy=0.150130
			snow=0.000000
			blizzard=0.000000
			arctic_water=0.000
			mud=0.043083
			sandstorm=0.000000
			min_snow_level=0.000
		}
		period={
			between={ 0.10 29.10 }
			temperature={ 14.00 19.00 }
			no_phenomenon=0.719297
			rain_light=0.122360
			rain_heavy=0.158343
			snow=0.000000
			blizzard=0.000000
			arctic_water=0.000
			mud=0.043905
			sandstorm=0.000000
			min_snow_level=0.000
		}
		period={
			between={ 0.11 30.11 }
			temperature={ 16.00 20.00 }
			no_phenomenon=0.719297
			rain_light=0.114147
			rain_heavy=0.166556
			snow=0.000000
			blizzard=0.000000
			arctic_water=0.000
			mud=0.044726
			sandstorm=0.000000
			min_snow_level=0.000
		}
		
	}
}
