
state={
	id=155
	name="STATE_155"
	manpower = -1
	
	state_category = wasteland
	resources={
		aluminium=0
		chromium=0
		oil=0
		rubber=0
		steel=0
		tungsten=0
	}

	history={
		
		
		buildings = {
			infrastructure = 1
			air_base = 0
			arms_factory = 0
			industrial_complex = 0
			
			
		}
		
	}

	provinces={
		4927 4928 4929 4930 4931 4932 4933 4934 4935 4936 4937 4938 4939 4940 4941 4942 4943 4944 4945 4946 4947 4948 4949 4950 4951 4952 4953 4954 4955 4956 4957 4958 4959 4960 4961 4962 4963 4964 4965 4966 4967 4968 4969 4970 4971 4972 4973 4974 4975 4976 4977 4978 4979 4980 4981 4982 4983 4984 4985 4986 4987 4988 4989 4990 4991 4992 4993 4994 4995 4996 4997 4998 4999 5000 5001 5002 5003 5004 5005 5006 5007 5008 5009 5010 5011 5012 5013 5014 5015 5016 5017 5018 
	}
	local_supplies=0.0 
}
