
state={
	id=179
	name="STATE_179"
	manpower = -1
	
	state_category = wasteland
	resources={
		aluminium=0
		chromium=0
		oil=0
		rubber=0
		steel=0
		tungsten=0
	}

	history={
		
		
		buildings = {
			infrastructure = 1
			air_base = 0
			arms_factory = 0
			industrial_complex = 0
			
			
		}
		
	}

	provinces={
		5619 5620 5621 5622 5623 5624 5625 5626 5627 5628 5629 5630 5631 5632 5633 5634 5635 5636 5637 5638 5639 5640 5641 5642 5643 5644 5645 5646 5647 5648 5649 5650 5651 5652 5653 5654 5655 5656 5657 5658 5659 5660 5661 5662 5663 5664 5665 5666 5667 5668 5669 5670 5671 5672 5673 5674 5675 5676 5677 5678 5679 5680 5681 5682 5683 5684 5685 5686 5687 5688 5689 5690 5691 5692 5693 5694 5695 5696 5697 5698 5699 5700 5701 5702 5703 5704 5705 5706 5707 5708 
	}
	local_supplies=0.0 
}
