
state={
	id=419
	name="STATE_419"
	manpower = -1
	
	state_category = wasteland
	resources={
		aluminium=0
		chromium=0
		oil=0
		rubber=0
		steel=0
		tungsten=0
	}

	history={
		
		
		buildings = {
			infrastructure = 1
			air_base = 0
			arms_factory = 0
			industrial_complex = 0
			
			
		}
		
	}

	provinces={
		9413 9414 9415 9416 9417 9418 9419 9420 9421 9422 9423 9424 9425 9426 9427 9428 9429 9430 9431 9432 9433 9434 9435 9436 9437 9438 9439 9440 9441 9442 9443 9444 9445 9446 9447 9448 9449 9450 9451 9452 9453 9454 9455 9456 9457 9458 9459 9460 9461 9462 9463 9464 9465 9466 9467 9468 9469 9470 9471 9472 9473 9474 9475 9476 9477 9478 9479 9480 9481 9482 9483 9484 9485 9486 9487 9488 9489 9490 9491 9492 9493 9494 9495 9496 9497 9498 9499 9500 9501 
	}
	local_supplies=0.0 
}
